# --- Reckon Experimental Analytics Report --- #
  - experiment: SELEX Binding Affinity - v0 Baseline
  - duration: 22.169947624206543

# --- EXPERIMENT HYPERPARAMETERS --- #
epochs: 10000
alpha: 0.001
lamb: 0.001
train_size: 0.9
l1: 25
b: 0.6

# --- LEARNED MODEL PARAMETERS --- #
W1: 
[[-8.29174e-02 -1.89353e-01 -3.85744e-02 -1.93388e-01 -4.94719e-01
   1.23195e-01  5.57888e-02 -2.73601e-01 -1.89772e-01  4.55002e-02
  -4.04750e-02  6.74847e-01  1.99415e-01 -1.77310e-01 -1.70778e-01
   8.87451e-02 -2.25139e-01  9.29430e-02 -4.91849e-02 -7.90183e-02
  -4.70727e-01 -4.41636e-01 -2.05579e-01 -1.05464e-01  4.43542e-01]
 [-1.40160e-01  5.15495e-01  4.53169e-01  1.96070e-01 -1.08130e-02
  -2.68997e-01 -6.59154e-02 -4.97851e-01  1.86752e-02 -1.65652e-02
   1.33311e-01 -2.60469e-01 -4.02989e-01  1.95097e-01 -2.92695e-02
   1.57315e-01  2.31549e-01 -8.21919e-02 -6.23032e-02 -1.00248e-01
  -6.36888e-01  2.40066e-01  6.42382e-01  2.12603e-01  8.33047e-01]
 [-2.58425e-02 -8.22307e-01 -9.12209e-01 -4.92749e-01 -7.67757e-01
   2.55798e-01 -9.33023e-02  1.09702e+00 -1.20330e-01 -1.39994e-02
  -1.85049e-02  3.00403e-01  3.41554e-01 -4.96004e-01 -3.12142e-02
  -1.89760e-01 -3.60129e-01  2.16021e-02 -7.80353e-02 -1.77485e-01
   9.63143e-02 -6.12316e-01 -1.28444e+00  9.76781e-02 -2.66241e+00]
 [ 1.77631e-01  6.63520e-01  1.63187e-01 -2.47574e-01 -2.20224e-01
  -4.43215e-01 -5.61241e-02 -2.49214e-01  1.62097e-01 -1.20331e-01
   1.01471e-01 -5.53265e-01  1.49517e-01  2.38307e-01 -1.41786e-01
  -6.29650e-03  6.68348e-02 -8.62586e-02 -4.68342e-02  1.02867e-01
  -3.29413e-01 -2.98244e-02  1.11514e+00  4.80856e-02 -8.51687e-02]
 [ 8.14210e-02 -5.32674e-01  5.61764e-01  6.93436e-01  3.86905e-01
  -4.06771e-03 -7.37295e-02  3.83226e-02 -1.80371e-01  1.31752e-01
   6.70749e-02 -3.43560e-01 -1.84274e-01  2.88010e-01  2.31677e-02
   4.44363e-01  2.13303e-01 -7.07007e-02  6.97160e-02 -2.01236e-01
   5.86225e-02  4.39016e-01 -3.20155e-01  3.79648e-01 -1.55727e-01]
 [ 2.42888e-02  2.65698e-01  4.34186e-01  2.26495e-01  2.44371e-01
   2.41670e-01  1.19619e-01 -1.39752e-01  1.46245e-02  9.23799e-02
  -1.24958e-01 -6.37564e-02 -4.19850e-01  3.94013e-02  1.32101e-01
  -8.87064e-02  1.20708e-01  7.88831e-02 -1.09752e-02 -5.68410e-03
  -4.76212e-01  9.11633e-02  1.90802e-01 -4.12348e-02  9.75451e-01]
 [ 8.96745e-02 -5.46873e-03 -2.15339e-01 -1.75107e-01 -2.57364e-01
   2.85552e-01  9.70893e-02 -3.49925e-01 -1.79662e-02 -5.17472e-02
  -9.61567e-02  3.01095e-01  2.22499e-01 -1.07330e-01  1.65172e-01
  -1.19922e-01 -3.12840e-01 -1.11869e-01  1.41800e-01  4.28710e-02
  -5.46580e-01 -2.59710e-01  2.20312e-01  2.03431e-02  2.75105e-01]
 [ 6.32193e-02  8.13675e-01  1.51171e-01  2.12574e-02  3.26556e-01
  -3.92497e-02 -1.42804e-01 -6.99507e-02 -7.52327e-02 -3.89414e-01
   1.61335e-01 -2.04633e-01 -5.24503e-02  3.10853e-01  7.86677e-03
   6.64711e-02  3.13368e-01 -1.40502e-02 -3.07474e-02 -9.40751e-02
  -4.82829e-01  2.66199e-01  9.85175e-01  7.57803e-02  7.92768e-01]
 [-8.67373e-02  5.44652e-01  5.61653e-01  4.52046e-02  4.10521e-01
  -6.28242e-01 -1.30445e-01 -1.40185e-01 -1.91268e-01 -2.29714e-01
   1.90732e-02 -3.12444e-01 -1.48281e-01  3.25331e-01 -7.48925e-02
   3.38629e-01  1.88425e-01  6.98380e-02  6.80662e-02 -6.97938e-03
  -2.39122e-01  2.56095e-01  5.47694e-01 -3.57650e-02  2.07242e-01]
 [-2.03141e-01 -8.29836e-01  1.81602e-02  5.57998e-01  9.83065e-01
  -1.95350e-01 -9.91850e-02 -3.95333e+00  6.76897e-02 -6.47461e-03
  -1.75713e-01  8.36589e-02  6.87417e-03 -7.57403e-01 -2.63480e-01
   2.61356e-01 -3.16372e-01  1.77634e-01  9.08745e-02 -2.51902e-02
   1.94094e-01  2.02757e+00 -6.15476e-01 -1.71715e-01 -4.38034e+00]
 [ 1.38767e-01  7.20448e-01  9.36234e-01  1.06689e-01  4.51353e-01
  -4.51866e-01  2.51510e-02 -2.38518e-01  1.18195e-01  8.94649e-02
  -2.14267e-02 -1.96973e-01 -3.08832e-01  1.88590e-01 -1.76951e-02
  -2.94473e-02  4.34212e-01  3.10047e-02  1.12810e-01 -1.44424e-01
  -6.52381e-01  2.43489e-01  6.54622e-01  5.32204e-02  7.03586e-01]
 [ 9.94031e-02  5.82133e-01  3.75626e-01  2.12735e-01 -3.64683e-02
  -4.52570e-02  4.51342e-03  7.25942e-04 -1.45629e-01  4.46014e-02
   9.07834e-02 -1.59076e-01 -1.74467e-01  1.20745e-01 -6.23358e-02
   1.85939e-01  1.10146e-01  2.03474e-01  1.59418e-01  1.41238e-01
  -5.07725e-01  9.90763e-02  5.71470e-01 -2.45882e-01  2.28093e+00]
 [-2.80849e-02  2.50629e-01  2.46669e-01  2.65120e-01  2.42667e-01
  -1.04187e-01  2.36391e-03 -3.30122e-01 -1.75959e-01  2.04535e-02
  -4.15135e-03 -5.29202e-01  7.57179e-03  2.93658e-02  2.21552e-02
  -6.36133e-02  1.15742e-02 -1.05190e-01  8.58416e-02 -1.36205e-01
  -5.78726e-01  3.01899e-01  4.60809e-01 -3.43546e-02  1.66407e+00]
 [-2.97813e-02  7.44763e-01  1.17635e-01  2.48159e-01  4.60276e-01
  -2.00973e-01  3.15025e-02 -3.19817e-01 -1.05194e-01 -2.31916e-01
  -4.41222e-02 -4.91276e-01  5.07712e-02  4.71977e-01 -1.33152e-01
   1.21217e-01  4.67364e-01  3.29444e-02  5.16837e-02  1.34698e-01
  -5.06023e-01  2.43564e-01  9.01876e-01  1.85763e-01 -6.83302e-01]
 [-1.04703e-01 -1.00090e-01  7.41964e-02  2.07593e-01  2.43407e-01
   4.52879e-01  1.04321e-01 -8.33504e-01  5.33296e-02  6.51092e-02
  -1.01728e-01  9.47068e-02  5.11030e-02 -3.04873e-01 -8.16881e-02
  -2.29032e-01  1.26938e-01 -7.47586e-02 -7.38519e-02  8.19612e-02
  -1.01353e+00 -1.38428e-01 -4.08125e-01 -1.87971e-01 -3.66763e-01]
 [-2.09691e-01  7.43917e-02  4.92432e-01 -3.57799e-01 -2.89488e-02
  -2.05035e-01  2.08703e-02 -2.39714e-01 -1.71715e-02  1.44839e-02
  -1.89720e-01  3.28836e-02 -2.57923e-01 -2.59123e-01 -2.50372e-01
   1.00237e-01  1.93477e-02  1.73775e-01 -1.72942e-01 -7.10829e-02
  -3.72708e-01 -2.20945e-01  7.68358e-02 -5.25381e-02  2.20255e-01]
 [-2.90790e-01 -2.18340e-01  3.26419e-01 -7.20527e-02  6.97970e-02
   3.21821e-01  7.29702e-02 -5.19107e-01 -1.87939e-02  5.60818e-02
  -1.60110e-02  2.49421e-01 -1.79450e-01 -5.72082e-02 -1.72878e-01
   2.28585e-02 -1.73931e-01 -6.36407e-02 -4.37782e-02  1.48051e-01
  -4.90365e-01 -2.21522e-01 -2.73023e-01 -5.43568e-02 -5.39184e-01]
 [-4.83300e-02  3.37504e-01  1.95262e-01 -2.03426e-01  1.37440e-01
   1.96247e-01 -1.95525e-01  1.09145e-02  1.19699e-01 -9.16387e-02
   1.01438e-02 -3.03934e-01  5.17003e-02  1.00842e-01  1.35642e-02
  -5.72230e-02  4.34265e-02 -1.11940e-01 -7.95166e-02 -7.64835e-02
  -3.92467e-01 -3.07613e-01  4.47077e-01  1.28364e-03  5.02336e-01]
 [ 1.08760e-02  2.32274e-01  3.09719e-01  9.44883e-03  1.21326e-01
  -4.73791e-01 -7.23370e-02 -5.67793e-01  3.05201e-02 -1.90785e-01
   3.86271e-02 -2.21326e-01 -1.98513e-01  2.36413e-01  2.06944e-01
   7.92755e-02  1.50595e-01  2.90218e-02  1.16930e-02 -6.68168e-02
  -6.74738e-01  1.62206e-01  4.77108e-01 -3.35279e-02  8.13237e-01]
 [ 1.49749e-01  7.39850e-01  6.60842e-01  5.62944e-01  6.56569e-01
  -6.84295e-01 -2.56825e-01 -4.40385e-01  1.74623e-02  5.55207e-02
  -1.62341e-02 -5.70718e-01 -1.41379e-01  2.08075e-01  7.06997e-02
   2.32014e-01  2.11866e-01  2.03270e-02 -9.02350e-02 -1.39028e-01
  -7.06531e-01  2.69285e-01  7.05879e-01  1.27123e-01  1.16250e+00]
 [-8.39721e-02  3.83850e-01  4.80977e-01 -3.67618e-02  2.76882e-01
  -2.42915e-01  5.14522e-02  4.34479e-02 -9.53368e-02  1.12652e-01
  -4.46714e-02 -1.18003e-01 -3.08186e-01  2.34964e-01 -2.36479e-02
   7.44640e-02  2.69182e-01  2.39981e-01  1.23021e-01 -3.67862e-02
  -3.37213e-01  2.51970e-01  5.34488e-01 -5.61034e-02  7.18366e-01]
 [-4.35245e-02  1.39244e+00  1.55925e+00  4.59341e-01  1.06316e+00
   1.88165e-02 -8.76136e-02 -2.44783e+00  3.36821e-02  1.04686e-01
   8.59977e-02 -4.70449e-01 -4.49456e-01  6.52276e-01 -1.38173e-01
   2.19743e-01  1.93681e-02  3.21357e-02 -3.48202e-02  1.68748e-01
  -2.08711e+00  9.32672e-01  7.08229e-01  5.30799e-02  4.13977e+00]
 [-1.09640e-01 -8.72803e-01 -3.87783e-01 -1.73553e-01 -6.91931e-01
   1.13599e-01  3.56870e-02 -4.56649e-02  4.86383e-02  2.99365e-03
  -3.31977e-01  1.66542e-01  9.04696e-02  3.71102e-02 -9.27195e-03
  -3.88592e-01 -2.27580e-01  5.53910e-02  8.13687e-03 -5.23801e-02
   3.62065e-01  4.20444e-02 -9.30427e-01 -9.37362e-02  3.43219e-01]
 [ 2.15171e-01  7.79695e-01  5.59626e-01  2.87256e-01  7.33662e-01
  -2.42464e-01 -1.24160e-01 -7.79805e-01 -1.27560e-01 -1.37423e-01
   2.55733e-01 -5.83292e-01 -7.55652e-02  4.69718e-01  1.43304e-01
   1.37414e-01  2.42582e-01 -9.48951e-02 -7.09743e-03 -4.95525e-02
  -7.70188e-01  1.94850e-01  9.04289e-01 -4.56165e-02  6.93757e-01]
 [-7.68714e-02  3.30362e-01  6.34149e-01  1.06584e-01  4.31985e-01
  -2.65484e-02 -1.24082e-01 -5.62786e-01 -2.04923e-02  3.31337e-02
  -1.09541e-01 -2.56577e-01  8.44372e-03 -7.92887e-02 -6.60498e-02
   6.14044e-02 -6.39800e-02  4.57123e-02 -2.76935e-01  1.20074e-01
  -6.38938e-01 -2.26844e-01 -3.88705e-02 -1.43930e-01  7.94891e-01]
 [-1.38164e-01 -2.49963e-01  1.82004e-01 -9.36216e-02 -4.90332e-01
  -6.01890e-03  1.36350e-01 -5.46382e-01 -4.73423e-02 -2.94146e-03
   8.18488e-02  4.22438e-01 -1.30515e-02 -3.43109e-01 -9.38264e-02
  -1.89476e-01 -3.22704e-02 -1.46465e-01 -5.36765e-02 -1.61377e-01
  -4.83172e-01 -4.90119e-01 -5.87904e-01 -1.57004e-01 -1.23146e+00]
 [ 2.68593e-02 -3.71284e-01 -1.80386e-01 -5.54430e-01 -6.77282e-01
   5.87557e-01  1.96982e-01  1.76196e-01  8.67881e-02  2.75342e-02
  -1.20903e-01  6.60792e-01 -4.57088e-03 -1.41650e-01  1.62576e-02
  -1.64395e-01 -3.48152e-02 -1.60979e-01 -7.51686e-02 -2.36495e-01
  -5.72252e-02 -1.88324e-01 -4.02421e-01 -1.64186e-01 -4.42989e-01]
 [-6.56832e-02 -4.71702e-01  4.77071e-01 -1.49709e-01 -3.30379e-01
  -2.27040e-01  2.79410e-01 -2.65389e-01  8.44892e-02  1.35606e-01
  -5.84830e-02  3.66934e-01 -1.02146e-02 -2.80406e-01 -4.80016e-02
  -1.45112e-01 -1.34906e-01  8.26362e-02 -9.94896e-02  2.31735e-01
  -6.75901e-01 -5.38984e-01 -3.64466e-01 -1.77664e-01  1.20026e+00]
 [-3.30799e-02 -7.01726e-01 -7.11306e-02 -3.05342e-01 -4.90943e-01
   3.38643e-01  1.20272e-01 -2.25866e-01  9.79890e-02  1.58394e-01
  -9.42665e-02  3.33070e-01 -4.75702e-02 -2.01631e-01  1.24264e-01
  -2.64336e-02 -2.95393e-01 -8.74064e-02  6.30968e-02  4.66339e-02
  -4.23010e-01 -3.51520e-01 -5.41446e-01 -1.06735e-01  3.70993e-01]
 [ 1.70892e-02  3.01709e-01 -1.72081e+00 -3.10916e-01  2.70488e-02
   5.53934e-01  1.51409e-01  6.49091e-01  5.70798e-02  3.76346e-02
  -2.91299e-02  1.13339e+00  2.22948e-01 -6.14420e-02 -1.05718e-01
  -2.72764e-01  2.13328e-01 -4.10919e-02 -2.21823e-02  2.58680e-02
   3.75182e+00 -4.69466e-01  9.00614e-01 -4.34353e-02  8.55184e-01]
 [-5.04363e-01 -1.73772e+00 -1.28526e+00 -4.30020e-01 -3.73388e-01
  -6.18673e-02  1.00256e-01  2.69314e+00 -1.17387e-01 -4.10428e-02
  -1.04761e-01  5.38996e-01  4.54768e-01 -6.92837e-01  2.22963e-02
  -6.85299e-01 -4.47011e-01 -7.32671e-02 -1.66629e-01  5.21512e-03
   2.08889e+00 -6.05109e-01 -2.61287e+00 -3.09772e-01 -1.83217e+00]
 [ 5.58977e-02 -4.84410e-01 -5.28002e-01  1.01850e-01  2.32737e-01
  -3.64939e-02 -1.08065e-01  1.71392e+00  8.26102e-02  7.62292e-02
  -8.55441e-02 -4.98729e-02 -1.65605e-01 -3.95579e-01  9.30411e-03
   4.65377e-02 -4.55383e-01 -2.42044e-01 -8.41138e-02 -2.08497e-01
   7.16160e-01 -4.86576e-01 -9.30802e-03  1.80538e-02 -1.83219e+00]
 [ 2.90718e-02 -6.65898e-01  1.89538e-02 -9.88471e-01 -7.47912e-01
   3.93269e-01 -8.65250e-02 -7.28901e-02 -8.06881e-02 -4.92486e-03
  -1.19205e-01  9.12979e-03 -3.84636e-02 -1.31473e-01 -1.63106e-01
  -2.38309e-02  1.34370e-01 -1.84872e-01 -2.96465e-01  8.11608e-03
  -5.97878e-01 -4.86962e-01  2.97384e-01  1.12508e-01  5.93231e-02]
 [ 1.05497e-02 -7.23542e-01 -1.01426e+00  2.73667e-01  4.22521e-02
  -5.76135e-02 -2.84118e-02  8.41144e-01 -7.96194e-03 -1.08348e-01
  -1.79729e-01  4.34956e-01  8.48495e-02 -4.45745e-01 -2.42864e-02
  -1.78534e-01 -6.51924e-01  1.48967e-01  5.40054e-02  1.60922e-01
   1.65402e+00 -2.01088e-01 -1.79347e+00 -1.57079e-01 -7.21643e-01]
 [-1.73359e-02 -7.20911e-01 -4.84310e-01 -2.94868e-01 -7.46714e-01
  -2.90242e-01 -3.16540e-02  1.30856e+00 -9.39787e-02 -2.45707e-01
  -9.45722e-02 -9.75194e-02  4.18528e-02 -2.54197e-01  2.94793e-02
   2.47666e-02 -6.77901e-02 -1.65319e-01 -4.04319e-02 -1.03351e-01
   1.03456e+00 -1.33797e-01 -1.12433e+00  6.23757e-03 -2.26774e+00]
 [-7.91682e-02  1.31938e-01  4.90158e-01  2.70887e-01 -4.00456e-01
   6.75617e-02 -1.10683e-01 -2.83338e-01 -1.04345e-01 -8.23930e-02
  -3.27758e-02  4.57406e-02 -1.43124e-01  9.26280e-02 -5.53273e-02
   9.06265e-03 -2.86809e-01 -1.57902e-01 -2.66572e-02 -2.03908e-01
  -1.18844e-01 -2.18449e-01 -3.59455e-02 -8.42656e-02  8.25275e-01]
 [ 2.34544e-02  8.63764e-02  3.42666e-01  4.06932e-01 -3.85605e-01
  -4.35856e-02 -8.01632e-02 -6.78070e-01 -9.15581e-02  8.47983e-02
  -6.22250e-02 -2.91713e-01  2.22287e-01  4.05030e-02 -5.59067e-03
   2.26944e-01  6.19615e-02 -1.07778e-01 -1.00259e-01 -3.49332e-02
  -6.03065e-01  1.30188e-01  2.90806e-01  2.64375e-03  1.25792e+00]
 [ 5.07318e-02 -3.58985e-01 -4.42586e-01 -3.87966e-01 -5.30442e-01
   2.62974e-01  1.19111e-01 -2.78757e-01  1.64371e-01 -1.55412e-01
  -9.94661e-02  5.74920e-01  3.01756e-01 -2.95113e-01  3.90453e-02
   5.19279e-02 -7.99849e-02 -1.19667e-01  1.49318e-01 -1.74272e-01
  -3.81910e-01 -5.02080e-01 -3.47191e-01 -1.14452e-01 -8.63208e-02]
 [-8.20001e-02 -2.30274e-02  1.53951e-01  6.69973e-02  2.69428e-02
  -3.10838e-01 -1.01490e-02  7.92466e-02 -5.30761e-02  1.75209e-01
   9.87582e-02 -1.89833e-01  4.50110e-02  1.51311e-02 -9.37287e-02
  -1.01890e-01  4.07808e-02 -8.32047e-02 -1.58980e-01  1.26234e-02
  -4.06233e-02  2.36321e-01 -1.50935e-01 -6.83742e-03 -1.36899e-02]
 [-2.30340e-01 -2.04451e+00 -8.74030e-01 -7.04781e-01 -1.07209e+00
   3.94597e-01  1.76789e-01  1.65194e+00 -1.10657e-01 -9.75400e-02
   8.12942e-02  8.15018e-01  2.48686e-01 -9.20460e-01 -2.31571e-01
  -2.34445e-01 -1.03710e+00 -1.18903e-01 -1.17741e-01 -1.57410e-02
   1.59856e+00 -7.32966e-01 -2.87673e+00 -1.51910e-01 -2.83356e+00]]
b1: 
[[0. 0. 0. 0. 0. 0. 0. 0. 0. 0. 0. 0. 0. 0. 0. 0. 0. 0. 0. 0. 0. 0. 0. 0.
  0.]]
W2: 
[[-0.2436 ]
 [-1.48866]
 [-1.37125]
 [-0.82437]
 [-1.28967]
 [ 1.62172]
 [ 0.16544]
 [ 2.72849]
 [ 0.01803]
 [ 0.45583]
 [-0.19376]
 [ 1.57014]
 [ 0.59911]
 [-0.62884]
 [-0.15304]
 [-0.14153]
 [-0.60674]
 [-0.24541]
 [-0.17373]
 [ 0.02292]
 [ 2.10805]
 [-1.37978]
 [-2.30428]
 [-0.24215]
 [-2.63402]]
b2: 
[[0.]]

# --- EXPERIMENT COST, ACC. & ERROR HISTORY --- #

cost: 
0.6420618459093232

accuracy: 
0.0

error: 
128.5