# --- Reckon Experimental Analytics Report - Genomic Baseline - High Learning Rate (2) --- #

# --- EXPERIMENT HYPERPARAMETERS --- #
epochs: 50000
alpha: 0.005
lamb: 0.001
train_size: 0.9
threshold: 7000
l1: 25
b: 0.8

# --- LEARNED MODEL PARAMETERS --- #

W1: 
[[-1.06729e+00 -2.25015e-01 -2.09340e-01 -2.85721e+00 -1.05283e+00
  -1.49448e+00 -4.15872e-01 -3.57146e-01 -3.41431e-01 -2.21417e-01
  -1.51593e-01 -3.54864e-01 -5.89169e-01 -3.79707e-01 -3.28707e+00
  -4.01828e-01  2.70277e-01 -2.51108e+00 -8.69831e-02  6.08450e-01
  -4.56323e-02  1.20836e-01 -1.02065e-01 -1.39129e+00 -3.39349e-03]
 [-1.23790e+00 -1.40309e-01  1.87493e-01 -3.41771e+00 -1.23237e-01
  -1.23760e+00  8.45023e-01  2.87612e-01  7.48276e-02  4.78432e-01
  -3.95834e-01 -1.79352e-01 -5.65575e-01  1.65805e+00 -1.14227e+00
   1.74028e+00 -8.71066e-02 -2.35905e+00 -6.60533e-02  3.47562e+00
  -1.96943e-01  6.97922e-01 -1.25090e-01  8.74513e-02 -2.63207e-01]
 [-1.00803e+00 -1.06312e-02  4.03239e-01  1.93976e+00  2.42883e+00
   1.79486e+00 -4.36123e-01 -2.19958e-01 -1.22464e-01 -7.62379e-01
  -5.48292e-02  2.06913e-02 -2.31932e-01 -5.69813e+00  1.25408e+00
   5.12880e-01  1.64032e+00 -2.83269e-01 -1.44797e-01 -6.53036e+00
  -1.03171e-01  1.17931e-02 -3.52335e-02 -1.05404e+01 -1.35740e-01]
 [ 5.60039e-02 -1.74190e-01  4.27959e-01 -2.96295e+00 -3.84110e-01
  -2.12137e+00  7.41069e-01  4.67286e-01 -4.78340e-02  6.84356e-01
  -8.58621e-02 -1.47417e-01 -3.17970e-01 -2.95744e-01 -1.10046e-01
   1.88322e+00  1.61266e+00  1.05934e-01 -4.19492e-02 -2.43875e+00
  -2.28510e-01  2.15589e+00 -2.14449e-01  3.30316e-01 -9.00226e-02]
 [ 4.38587e+00 -1.94134e-01  8.09980e-01  2.04092e+00 -3.32637e-01
   2.09540e+00 -4.46372e-01 -9.06168e+00 -1.57689e-01 -2.91601e-01
  -8.38610e-02 -1.38242e-01  1.74624e-02 -4.42310e-01  5.56362e+00
   3.68962e+00 -5.86711e-01  6.16984e-01 -1.45549e-01 -1.72141e+00
  -1.76457e-01  5.75221e-01 -1.58747e-01  4.66363e+00  7.75587e-02]
 [-3.12556e+00  3.81970e-02  3.90566e-01  8.40688e-01 -1.19633e+00
  -1.84815e+00  4.59298e-01  4.85447e-01 -9.20834e-02  6.48658e-01
  -2.51486e-01 -1.29366e-01 -2.67213e-01  3.96421e+00  3.86688e-01
   1.23998e+00  1.77236e+00  1.27399e+00 -1.56340e-01  4.91398e+00
  -1.85660e-01 -2.93311e-01 -1.47807e-01  4.32700e-01 -1.20566e-01]
 [ 5.09573e-01  2.22094e-02 -1.01278e-01  3.86254e-02 -1.03800e+00
  -1.05915e+00  4.55676e-02 -1.53980e-01  2.95293e-02  1.59956e-01
  -2.72925e-01 -1.78786e-03 -2.04650e-01  1.38322e+00  2.27564e-01
   7.76582e-01 -1.04559e-01 -1.13398e+00  2.82923e-02  2.48329e+00
  -7.68727e-02  2.05458e-02 -2.59042e-01 -7.98859e-02  9.35472e-02]
 [ 2.16982e-01 -8.55356e-02  2.96303e-01  1.53416e+00  5.50513e-02
  -8.31092e-01  8.77584e-01  4.78988e-01 -1.62774e-03  4.40743e-01
  -1.94414e-01 -1.70122e-01  2.19208e-01  1.39152e+00 -1.46028e+00
   1.50182e+00  3.67711e-01 -2.30945e+00 -6.12294e-02  3.38861e+00
  -2.18648e-01  1.23728e+00 -2.17241e-01  1.68644e+00 -2.04910e-01]
 [ 8.29228e-02 -1.41642e-01  1.14098e-01 -1.10081e+00 -6.46185e-01
  -1.86497e+00  3.21755e-01  2.04925e-01  1.92787e-01  8.90575e-02
  -9.73423e-02 -4.09323e-02 -8.13796e-01  1.48763e+00 -3.05359e+00
   2.33136e+00 -8.69818e-01  3.22277e+00 -1.17997e-01 -3.22739e-01
  -2.89076e-02  8.38703e-01 -1.21598e-01 -3.41374e-01 -2.01409e-01]
 [ 7.00294e-01 -1.46599e-02 -1.43962e+01  1.22779e+01  7.40669e-01
   3.57111e+00 -8.56728e-02  3.26720e+00 -7.27345e-01 -6.46630e-01
  -1.08755e-01 -3.78479e-02 -3.30404e-01 -3.70539e-01  7.53482e-01
  -8.02153e-01 -4.32852e+00 -6.25205e+00 -3.03437e-02  1.52302e-01
  -1.26780e-01 -6.68237e+00 -3.07869e-01  1.08691e+01 -1.07702e-01]
 [-1.39428e+00 -3.63372e-02  1.56439e-01  7.16018e-01 -2.19325e+00
  -4.18531e+00  1.18347e+00  4.83264e-01 -1.72086e-01  9.74008e-01
   1.42299e-02  8.08168e-02 -4.45416e-01  5.13691e+00  1.22500e-01
   7.53985e-01 -7.39341e-02 -7.06142e-02 -9.28044e-02  6.02148e+00
  -2.01160e-01  3.16943e-01 -2.15049e-01  4.43756e-01 -3.75349e-01]
 [ 2.37474e+00 -4.35436e-02  5.48737e-01 -1.32617e-01 -4.81301e-01
  -1.02565e+00  3.90411e-01  3.03710e-01  1.27655e-01  1.73027e-01
  -1.56679e-01 -9.96635e-02  3.51783e-01  3.85221e+00 -4.75055e-01
   2.47141e+00  5.17747e-01 -8.64216e-01 -2.90022e-01  3.41416e+00
  -1.64779e-01  4.78113e-01  6.48282e-02  4.55747e+00  2.37201e-02]
 [-2.55858e-01 -3.69613e-02  2.44299e-01 -2.22389e+00 -7.22351e-01
  -1.37168e+00  7.28697e-01  5.19839e-01  1.23073e-01  3.48646e-01
  -4.53284e-02 -3.59243e-02  2.76653e-01  1.49006e+00  1.29498e+00
   2.33372e+00 -2.82596e-03  2.32796e+00 -1.48110e-01  4.36768e+00
  -1.94758e-01  6.06275e-01 -9.91889e-02  4.46836e-01 -1.91427e-01]
 [-2.60136e+00 -1.49656e-01  4.68301e-01  1.59343e+00 -3.30748e-01
  -6.78371e-01  5.86409e-01  1.86793e-01 -2.07726e-01  5.15742e-01
  -6.75669e-02 -1.54084e-01 -1.05680e+00  1.00963e+00 -1.12029e+00
   1.02481e+00  1.99905e-01  8.30558e-02 -5.64422e-02 -1.51720e+00
   9.54173e-02  3.05106e+00 -5.00104e-02  3.82846e-01  2.11067e-02]
 [ 1.15495e+00 -1.84827e-01 -2.92042e-02 -1.91611e+00 -2.44544e+00
  -1.79474e+00 -3.28479e-01 -2.37154e-01 -9.35032e-02 -1.72456e-02
  -1.19631e-01 -2.26940e-01  5.59663e-01  7.92081e-01  8.40348e-01
  -1.67728e+00  2.49607e-03  1.70277e+00 -3.06781e-01 -2.01300e+00
  -7.87171e-02 -1.00872e+00 -1.06920e-01 -2.93784e-02 -2.18466e-01]
 [-2.28489e+00  1.39926e-02  9.40994e-02 -1.22279e-01 -1.02700e+00
  -2.20710e+00  3.63504e-02 -5.29108e-03  1.12137e-01  4.09297e-01
   3.27661e-02 -8.98698e-02 -9.38483e-02  2.42840e+00  2.36812e+00
  -1.51452e+00  6.88993e-01 -1.41170e-02 -7.52037e-02 -7.41976e-01
  -1.15612e-01  3.39603e-01 -1.42401e-02 -3.64062e-01 -1.78471e-01]
 [ 8.98986e-01 -4.26813e-02 -2.23909e-01 -3.65035e-01 -7.52047e-01
  -5.96286e-01 -1.54298e-01 -2.02239e-01 -7.78629e-02 -1.88490e-01
  -2.99966e-01 -1.56100e-01 -5.88862e-02  1.42983e+00 -5.41118e-01
   2.41781e-01 -4.50847e-01 -1.38157e-01 -1.93601e-01 -1.60449e+00
  -1.63199e-01 -7.17940e-01 -5.85177e-02 -2.68871e-01 -9.07697e-02]
 [-8.54822e-02 -3.07980e-02  2.47037e-01 -1.24146e+00 -5.60002e-01
  -1.09297e+00  2.30757e-01  3.57402e-01  2.49193e-03 -1.17761e-01
  -9.15693e-02 -2.01898e-01 -2.80121e-01 -2.62518e-01  3.91929e-01
   2.42210e+00  2.40105e-01 -7.23851e-03 -6.02893e-02 -1.46373e+00
  -1.33809e-01  8.79585e-01 -3.21519e-03 -2.77837e-01 -1.43858e-01]
 [-8.82534e-01  4.74168e-04  1.67579e-01 -7.05132e-01 -6.38205e-01
  -1.70997e+00  8.70002e-02 -1.52011e-02 -1.88227e-01 -1.12370e-01
  -2.18881e-01 -9.09300e-02 -9.75841e-01  1.23381e+00 -4.06182e-01
   1.75971e+00 -9.75065e-01  8.61667e-01  2.93673e-02 -1.53406e+00
  -1.47013e-01  5.15847e-01 -1.38158e-01 -3.04369e-02 -3.50032e-02]
 [-1.48491e+00 -2.88293e-01  7.89205e-01 -3.68038e-01 -8.18722e-01
  -2.29256e+00  7.27954e-01  8.03103e-01  1.16500e-01  4.79811e-01
  -7.01821e-03 -1.12142e-01 -7.31914e-01  1.75264e+00 -3.55936e+00
   1.23745e+00  6.10861e-02  7.87932e-01 -2.59880e-01  3.33012e+00
  -7.23404e-02  1.14924e+00 -2.14560e-01  4.87856e-01 -2.43219e-01]
 [-1.15586e+00 -2.46112e-01  5.78947e-01  6.79169e-01 -8.06479e-01
  -3.03751e+00  1.01458e+00  6.64517e-01 -3.90849e-04  8.47676e-01
  -1.99182e-01 -8.50277e-02 -3.46244e-01  2.59400e+00 -6.84641e-01
   1.36308e+00 -1.98069e-01  2.24721e-01 -3.40104e-02 -1.64415e+00
  -2.32711e-01  7.99837e-01 -9.39731e-02 -7.64989e-03 -5.20312e-02]
 [ 1.13664e+00 -9.60979e-02  4.66896e-01  3.60886e+00 -1.27034e-01
   9.19618e-01 -4.62894e-01  1.93241e+00 -1.67323e-01  1.23484e-01
  -1.37047e-01  5.03469e-02  7.51127e-01  9.74282e+00  9.97023e-01
   7.83916e-01 -2.20300e+00  7.60467e+00 -2.06040e-01  9.98755e+00
  -1.70713e-02 -9.99146e-01 -4.95942e-02  7.86161e+00 -1.98089e-01]
 [ 2.30210e+00 -2.44617e-01  1.86013e-01  1.28263e+00  1.39575e+00
   1.87423e+00  3.71977e-01  8.30716e-03  7.60593e-02  4.61144e-01
  -1.45973e-02 -1.44656e-01  3.08696e-01 -3.13035e+00  7.81064e-01
   6.29154e-01  6.65954e-01 -1.22788e+00 -1.82878e-01  2.27829e-01
   1.70297e-01  9.65386e-02  2.95617e-03  6.24329e-02 -8.17771e-02]
 [-6.13121e-01  1.08258e-01  4.85374e-01  1.73790e+00 -4.66855e-01
  -5.84223e-01  6.95168e-01  1.95198e-01 -1.22010e-01  3.02218e-01
  -8.18496e-02 -1.99189e-01  9.40011e-02  1.89981e+00 -2.36389e-01
   3.26216e+00 -2.64719e-01  8.38075e-01 -9.06807e-02  1.86397e+00
  -2.36150e-01  1.76895e+00 -1.96788e-01  8.14800e-01 -8.49481e-02]
 [ 2.25278e+00  6.43547e-02 -2.67941e-01 -1.31183e+00 -1.15285e+00
  -1.59467e+00 -4.73096e-01 -2.40734e-01 -1.90441e-01 -4.51604e-01
  -8.89425e-02  3.05963e-02  1.31919e-01  1.09436e+00 -3.98054e-01
  -1.75694e+00  2.59871e-01  9.47532e-01 -1.46308e-01  3.96918e-01
  -1.49223e-01 -4.53004e-01  2.91936e-02  3.59259e-01  8.47574e-02]
 [-1.25166e-01 -3.34023e-01 -7.76845e-02 -2.20908e+00 -6.14204e-01
  -1.69215e-01 -8.19159e-01 -5.70453e-01 -1.80547e-01 -4.57458e-01
  -1.40145e-01  1.00349e-02 -1.30592e-01  1.66594e-01  2.64453e+00
  -2.78148e+00 -3.15642e-01 -6.06684e-01 -1.14178e-01 -2.95985e+00
  -2.96077e-01 -9.33108e-01 -5.94405e-02 -1.43553e+00  6.87800e-03]
 [ 1.48415e+00 -1.92211e-01  8.60684e-02 -1.52087e+00 -5.68956e-01
  -2.37441e-01 -3.21678e-01  1.28471e-01 -2.28140e-01 -3.69349e-01
  -1.05410e-01 -2.15969e-01  3.33195e-02 -6.09422e+00  4.81174e-01
   1.96574e+00  2.22178e-01  5.97402e-01 -1.43977e-01 -1.36694e+00
  -3.57653e-01 -7.91382e-01 -1.99332e-01 -6.78266e-01 -1.88434e-01]
 [ 1.17242e+00 -8.44597e-02 -4.22055e-01 -6.09083e-01 -1.62747e+00
  -2.16182e+00 -4.78111e-01 -4.80002e-01 -1.07756e-01 -5.58711e-01
  -2.38169e-01  3.03922e-02  6.68680e-01  1.53977e+00  9.30791e-01
   8.31215e-01  1.42704e-01 -1.22947e+00 -9.33145e-02  4.53173e-01
  -2.08955e-01 -6.62477e-01 -9.17434e-03 -1.12353e+00 -1.39743e-01]
 [ 2.57916e-01 -1.87346e-01 -2.57745e-01 -2.71961e+00 -3.99947e-01
  -2.25836e-02 -3.29791e-01  1.15510e-01 -1.14424e-01 -4.54259e-01
  -1.79392e-01 -1.09493e-01 -4.06586e-02 -4.64303e-01 -5.39378e-01
  -4.63081e-01 -5.65949e-01 -5.27499e-01 -1.83471e-01  2.69860e-01
  -1.99062e-01 -7.37535e-01  2.04770e-02 -8.28866e-01 -1.21279e-01]
 [-1.72925e+00 -2.49515e-01 -5.41047e+00 -1.51128e+00  9.20301e+00
   8.34847e+00 -2.26327e-01 -1.61804e+00 -2.95527e-01  1.62646e-01
  -6.21766e-02 -1.92584e-01 -9.29669e-02  1.27461e+00 -2.04289e+00
  -4.75959e+00 -1.21530e+01 -4.06736e+00  7.23048e-03  7.22606e-01
  -8.44023e-02  5.08756e+00 -1.63910e-01 -8.85144e+00 -1.29350e-01]
 [-7.82574e-01 -4.42786e-02 -4.82620e-02 -3.90846e-02  1.70112e+00
   3.26423e+00 -4.77906e+00 -2.54846e+00 -3.58773e-01 -4.09114e+00
  -1.64656e-01 -1.90873e-01 -1.01364e-01 -8.60856e+00 -4.84504e-02
  -1.95716e+00  2.10673e+00 -9.77649e-01 -1.78843e-01 -3.55552e+00
  -6.09477e-02 -8.56552e+00 -1.78705e-01  2.89123e-01 -3.11119e-01]
 [-5.86621e-01 -2.95853e-01 -3.30274e-02  1.77446e+00 -1.02473e-01
   4.23220e-01 -2.69131e+00 -9.98997e-01 -5.10238e-02 -3.07297e+00
  -1.59292e-02  2.62422e-02 -4.79784e-01  3.67437e+00 -5.77667e-01
  -4.19347e+00 -9.53572e-01  2.84967e-01 -1.02347e-01 -6.60473e+00
  -9.14565e-02 -4.41534e-01  8.43876e-02 -2.55058e-01 -2.74885e-02]
 [-5.59561e-02 -1.41773e-01 -1.22545e-01  1.64065e-01  2.22859e-01
   4.23120e+00 -2.28083e-01 -4.04405e-01 -2.28992e-01 -2.20909e-01
  -1.35145e-01 -8.13675e-02 -3.20269e-02 -6.12121e-01 -1.32477e+00
   3.72078e-01  1.67514e-01 -1.27379e+01 -8.08834e-02  2.83838e+00
  -9.99633e-02  2.60874e+00 -1.82765e-01 -7.26385e-04 -7.69408e-02]
 [-8.92526e-01 -4.80807e-02  2.24483e-01  2.69548e+00  1.14959e-01
   5.09269e+00 -9.29280e-01 -6.46498e-01  8.87923e-03 -2.29411e+00
  -6.32037e-02 -4.33363e-02 -1.16416e+00 -6.36031e+00 -1.09454e+00
  -1.07042e+00  3.56543e+00  1.16102e+00  4.77886e-02  6.53681e-01
  -3.07265e-01 -6.37426e+00  2.94920e-02  4.87840e-01 -1.70825e-01]
 [ 8.04944e-01  5.74456e-02  2.55956e-01 -6.38684e+00 -9.25014e-02
  -9.08594e-01 -2.01771e+00  4.56570e-01 -2.17650e-01  4.84109e-01
  -9.95975e-02 -3.04212e-02 -8.80860e-01 -1.81800e+00 -9.20552e-01
  -3.67265e+00 -1.13798e+00  2.14082e+00 -1.45538e-01 -6.91536e+00
  -1.31181e-01  8.30900e-01 -2.06205e-01 -2.28180e+00 -3.63610e-03]
 [ 1.99705e+00 -1.46561e-01  4.32118e-01 -5.24910e-01 -1.26734e-01
  -3.45067e-01  1.49050e-01 -5.81055e-01 -5.04601e-02 -2.36106e-01
  -5.82305e-02  1.06450e-01  1.32161e-01 -4.14082e+00 -3.27392e-01
  -1.35588e-01  1.61520e-01  2.83690e+00  3.97559e-02 -9.71103e-01
  -2.15465e-01 -2.91062e-01 -2.57632e-01 -1.00121e+00 -2.34500e-01]
 [ 2.49685e+00 -1.32256e-01  2.32660e-01 -2.05550e+00 -8.85403e-01
  -1.44598e+00 -4.08516e-01  2.52675e-02 -1.57981e-01 -3.93155e-01
  -3.26508e-02 -6.86199e-02 -1.35629e-01  3.60300e+00 -2.98983e+00
  -8.53517e-01 -2.05040e+00  3.34910e+00 -4.05412e-02  4.65838e+00
  -1.51717e-01 -2.69205e-01 -2.39961e-01 -2.27747e+00 -9.18465e-02]
 [ 1.52463e+00  1.23942e-02  4.89305e-02 -3.05214e+00 -6.81599e-01
  -1.28884e+00 -7.03836e-02 -4.01664e-02  2.55867e-02 -2.97688e-01
  -1.56222e-01  4.15650e-03 -1.19209e-01  3.88702e-01 -1.12245e+00
   9.91873e-01 -4.87027e-01 -9.44349e-01 -5.37221e-02 -2.03474e+00
  -1.97940e-01 -2.41721e-01  6.00924e-03  1.62054e+00 -2.02481e-01]
 [-6.54245e+00 -1.20392e-01  1.43570e+00  2.09441e+00 -7.87224e-01
  -5.30485e+00  2.40036e-02  1.40928e+00  3.10371e-01 -3.33395e-01
  -2.14563e-01  3.26824e-03  1.95230e+00 -4.84223e-01  5.36445e+00
  -1.14231e+01  4.38149e-01  2.52722e+00  2.36245e-02  6.48340e-01
  -4.48641e-02  1.88913e+00 -1.89787e-01 -1.68867e-01 -5.76793e-02]
 [ 1.82760e+00 -2.09168e-01 -3.19614e-01 -8.22345e-01  3.07148e-01
   3.16022e+00 -5.76106e+00 -7.88022e-01 -6.81946e-01 -6.86055e+00
  -2.51244e-01 -1.76060e-01  1.49162e+00 -7.67008e+00 -2.59043e-01
  -3.48185e+00  4.32892e+00 -5.94357e-01 -2.00128e-01 -4.27098e+00
  -5.02192e-02 -9.97341e+00 -1.47602e-01 -1.48940e+00 -1.26558e-01]]

b1: 
[[0. 0. 0. 0. 0. 0. 0. 0. 0. 0. 0. 0. 0. 0. 0. 0. 0. 0. 0. 0. 0. 0. 0. 0.
  0.]]

W2: 
[[10.35397]
 [-0.19237]
 [-8.57463]
 [-6.38907]
 [ 7.15535]
 [ 8.4818 ]
 [-3.68027]
 [-3.92746]
 [-0.52484]
 [-3.88813]
 [-0.05801]
 [-0.51203]
 [ 5.41201]
 [-4.3137 ]
 [10.11483]
 [-4.82069]
 [ 9.23021]
 [-6.62755]
 [-0.08962]
 [-6.0326 ]
 [-0.26118]
 [-5.22779]
 [-0.26492]
 [-5.98989]
 [-0.47482]]

b2: 
[[0.]]

# --- EXPERIMENT COST, ACC. & ERROR HISTORY --- #

cost: 
[0.89048 0.84128 0.77063 ... 0.1119  0.11333 0.11208]

accuracy: 
[ 0.       0.       0.      ... 14.0856  15.33074 14.00778]

error: 
[124. 124. 124. ...  39.  33.  39.]