# --- Reckon Experimental Analytics Report - Genomic Baseline - Low Learning Rate (1) --- #

# --- EXPERIMENT HYPERPARAMETERS --- #
epochs: 50000
alpha: 0.0005
lamb: 0.001
train_size: 0.9
threshold: 7000
l1: 25
b: 0.8

# --- LEARNED MODEL PARAMETERS --- #

W1: 
[[-3.14612e-01 -9.85535e-01  3.44832e-01 -1.45878e-01  3.80134e-01
  -2.46936e-01 -5.67400e-01  8.63268e-02 -8.87580e-02 -2.29231e-01
  -6.02353e-01  8.18373e-01 -9.02379e-01  1.48514e-01  1.21112e+00
   3.63937e-01  1.90325e-01  1.21165e-01  1.12163e-02  4.26858e-02
  -1.57450e-01 -4.96541e-01 -1.36581e-01 -6.68381e-01  4.79939e-01]
 [-1.15663e-01  9.06986e-01 -4.29582e-01  2.46643e-02 -2.78438e-01
   1.00691e+00  5.96175e-01 -1.10049e+00  1.24196e-01 -1.24848e-01
   1.65370e-01 -2.78418e-01 -4.83989e-01 -8.68128e-02  4.57489e-01
   4.71425e-01 -1.70428e-01 -5.92086e-02  2.77564e-02  9.09074e-01
   3.76678e-01  1.76209e-01  1.00935e-01 -9.72985e-02 -3.84649e-01]
 [ 4.89438e-01 -1.09000e+00  1.96626e-01 -7.03887e-02  2.38109e-01
  -4.13560e-01 -3.62067e-01  1.04457e+00 -1.48370e-01 -7.14630e-02
   9.24569e-02 -1.17052e-01  3.54117e-01 -1.02307e+00 -2.89764e+00
  -6.22447e-01  2.12099e-01  3.69774e-03 -9.56757e-02 -6.08836e-01
  -1.36622e+00  8.23223e-01  1.23980e-01 -8.38686e-01 -1.23825e-01]
 [-5.71285e-01  1.26797e-01 -8.00945e-01 -7.35235e-02 -1.18592e-01
   3.40541e-01  2.85117e-01 -5.44207e-01 -2.45618e-02 -6.59902e-02
  -1.88343e-01  6.19944e-01 -9.06458e-01 -1.02896e-02 -3.41567e-01
   4.58068e-02 -2.22436e-01  1.38485e-01 -2.13701e-01  6.30077e-01
   2.89150e-01 -6.49776e-01  2.03210e-02  6.03954e-02 -1.39824e-01]
 [-2.16921e-01 -1.59174e+00 -4.62051e-01  1.93644e-02  2.53753e-01
  -4.21218e+00  6.74228e-01  4.85866e-01 -1.60102e-01  2.35295e-01
  -2.86403e-01  5.15101e-01 -3.39836e-01 -1.21953e-01 -1.03172e-01
   1.61513e-01  1.96129e-02 -1.67474e-01  5.54666e-02  1.04333e-01
  -1.76727e+00 -3.36518e-01 -3.91694e-01  6.14066e+00 -1.03596e+00]
 [ 3.71680e-01  5.53141e-01 -3.93030e-01 -7.51738e-02 -5.16922e-02
  -5.42828e-01  2.68636e-01 -7.68191e-01 -1.89149e-01 -8.76739e-02
   1.89395e-01 -3.09950e-01 -7.63602e-01  3.52752e-02  1.70122e+00
   4.86611e-02  2.35978e-02 -4.70384e-02  7.83209e-02  3.70589e-01
   3.43738e-02  5.84972e-01 -1.67826e-01  2.63386e-01 -6.21561e-02]
 [-4.64367e-02  7.15209e-03 -1.91973e-02 -1.43511e-02 -3.15387e-03
  -1.10420e-01 -3.28199e-01  3.09716e-02 -1.21089e-01 -1.28877e-01
  -2.60903e-01  4.91219e-01 -9.02615e-01  1.06350e-01  1.05499e+00
   3.55647e-01 -1.97595e-02 -4.07563e-02 -1.47280e-01  4.39688e-01
  -9.86343e-01 -1.51231e-01 -8.98853e-02 -4.33810e-01  1.54536e-01]
 [-9.28665e-02  7.19927e-01 -1.70294e-01  2.53609e-03 -1.50735e-01
   4.17549e-01  2.59585e-01 -1.05100e+00  1.40376e-01  2.00836e-01
   1.17367e-01 -3.89385e-01 -2.89652e-01 -2.56935e-01  6.77365e-01
  -3.68370e-01 -1.74708e-01  1.47024e-01 -5.04757e-02  2.82607e-01
  -5.11762e-01 -2.59522e-02 -5.14722e-02 -2.37627e-01 -4.04131e-01]
 [ 1.91132e-01  5.99718e-02 -2.45979e-01  1.14920e-02 -1.58980e-01
   7.08146e-01  3.91933e-01 -5.58817e-01 -8.84534e-03 -7.61059e-02
   5.78824e-02 -4.94356e-01 -6.29748e-01  1.97219e-01  1.28745e+00
  -3.01088e-01  5.19117e-02 -9.66518e-02  1.44326e-02  1.90167e-01
   1.94547e-01  3.89093e-02  1.92312e-02  1.99373e-01  3.39764e-02]
 [ 3.94688e-01  3.67965e+00  1.57598e+00  1.16125e-01 -1.38920e+00
  -3.73841e+00  9.18134e-02 -1.03188e+00 -2.79152e-01  8.39745e-02
   9.70032e-01  1.24971e-01 -1.22303e+00  5.85272e+00 -5.71058e+00
  -7.22223e-01  4.67236e-01 -6.67805e-02 -9.94893e-02  8.22417e-02
   3.73795e+00  1.38507e+00  6.55289e-02 -2.32880e+00 -6.27203e-01]
 [ 1.32208e-01  1.03148e+00 -2.26595e-01 -1.81336e-01 -1.95347e-01
   1.27676e+00  8.28176e-01 -9.38377e-01  5.82203e-02  1.35246e-01
   9.19053e-02 -6.39834e-01 -9.03096e-01  1.89352e-01  2.37806e+00
   1.52329e-01 -3.80693e-01  5.57670e-02  8.44167e-03  8.11143e-02
   1.06113e+00  1.47547e-01 -1.17416e-02  2.21820e-01 -2.03620e-01]
 [-6.04808e-01  2.38170e-01 -4.42075e-01 -7.78974e-02 -8.83706e-02
   9.12265e-01 -2.79082e-01 -8.12078e-01  9.96436e-02 -5.53804e-02
  -5.71826e-01  1.25936e+00 -7.04422e-01 -2.38331e-01  2.68551e+00
   4.84652e-01 -1.98909e-01  1.18095e-01  1.00500e-02  5.06835e-01
  -1.21248e-01 -8.35623e-01  1.08587e-01  3.11124e-01  1.93023e-01]
 [ 1.24180e-01  5.40799e-01 -2.30709e-01  2.91700e-02 -2.31351e-01
  -4.66209e-02  8.10710e-02 -6.54515e-01 -3.20346e-02 -1.24005e-01
   1.34970e-01 -3.31482e-01 -7.61382e-01 -1.02849e-02  3.25230e+00
  -7.96081e-02 -1.72958e-01  8.91001e-02 -3.76980e-02  9.20736e-02
   3.92129e-01  1.76530e-01 -2.70561e-01  8.24333e-01 -3.51536e-01]
 [-1.04626e-01  2.18346e-01 -2.95579e-01 -5.97244e-02 -1.21551e-01
   6.97444e-01 -2.17540e-01 -3.61671e-01  1.96141e-02  9.79529e-02
  -4.32398e-02  1.66358e-01 -8.16041e-01  3.16311e-02  3.80705e-01
  -3.79999e-01 -9.17569e-02  2.57969e-02 -3.67124e-01 -6.75025e-02
   9.03053e-02  2.34584e-02 -1.20436e-02 -4.04597e-01 -1.04912e-01]
 [ 6.42913e-02 -3.09268e-01 -2.08410e-01  1.04165e-01  3.78727e-02
  -5.61506e-01  1.82759e-01 -1.74628e-01 -1.70609e-01 -4.62899e-02
  -1.98968e-03  5.11267e-01 -1.21932e+00  4.82306e-01  4.78572e-01
  -4.80468e-02  1.54995e-01 -8.27383e-02  3.26408e-02 -5.97785e-01
  -1.69642e-01 -5.60660e-02  1.22774e-01 -1.79252e-01  2.70674e-01]
 [-1.32674e-01  8.98941e-02 -2.84209e-01  1.09137e-01  1.25304e-01
   3.38220e-01  1.50555e-01 -7.68241e-01  8.17332e-02 -1.32852e-02
  -7.77099e-03  2.22086e-01 -7.60587e-01  2.98357e-01  1.03789e+00
   2.55162e-01 -5.87689e-02  1.47565e-01 -5.54978e-02 -4.32596e-02
   2.73713e-01 -4.42788e-02  4.25644e-02 -1.33892e-01  1.70648e-01]
 [-1.65132e-01  9.79467e-02  4.20478e-02 -3.06327e-02 -2.84548e-02
   4.73093e-01 -1.81811e-01 -1.87764e-01  5.41509e-03 -2.49951e-02
   3.53839e-02  4.20278e-01 -5.70693e-01  2.04191e-01  4.84827e-01
   4.16774e-01 -9.70539e-02 -7.06315e-02 -9.03173e-02  1.08451e-01
  -9.87090e-02  3.66161e-02 -1.15875e-01 -1.67536e-01  4.51272e-02]
 [ 8.19520e-02  1.48067e-01 -5.35812e-02 -1.40734e-01  3.99465e-02
   1.83046e-01  1.25337e-01 -4.87368e-01 -1.28639e-02 -9.13276e-02
  -8.37370e-02  1.72623e-01 -7.07499e-01 -3.78188e-02  8.35485e-01
  -3.25005e-01  8.67168e-02 -8.54095e-02  4.22010e-02  1.99221e-02
  -2.67743e-01 -1.51269e-01 -1.41527e-02 -3.62372e-01 -1.44313e-02]
 [ 1.86522e-01  7.55824e-02 -9.65340e-02 -2.63273e-02  1.60731e-01
   3.43676e-01  4.73262e-01 -3.52925e-01 -6.24152e-02 -9.25740e-03
   3.50514e-01 -1.47200e-01 -8.20148e-01  2.34630e-01  2.71210e-01
  -3.23445e-01  1.80912e-02 -2.26852e-02  1.32650e-01 -1.66512e-01
   6.11671e-01  1.36340e-01 -8.66671e-02 -3.94894e-01 -2.83335e-02]
 [ 2.28757e-01  4.18809e-01 -4.88262e-01 -4.46874e-02 -7.07530e-02
   9.72943e-01  4.73154e-01 -8.27500e-01  1.61595e-01 -1.67463e-01
   3.42855e-01 -8.51001e-01 -9.92805e-01  9.97444e-02  1.26250e+00
  -4.20677e-01 -3.07897e-01  4.08474e-02  1.59481e-01  1.29919e-01
   6.24863e-01  2.70623e-01 -2.14453e-01  4.87517e-01 -1.21924e-01]
 [ 4.76564e-02  6.83078e-01 -3.77219e-01 -1.23984e-01 -2.44032e-02
   5.73824e-01  2.99647e-01 -1.04831e+00 -1.76715e-01 -1.30209e-01
  -9.48604e-02  9.77082e-02 -8.55791e-01 -9.12181e-02  9.41854e-01
  -3.09829e-02 -1.34851e-01  1.62198e-01 -1.02070e-01 -8.00652e-02
   3.93138e-01  2.08884e-01  2.87102e-02 -5.36781e-01  1.34411e-01]
 [ 3.40876e-01  5.78467e-01 -1.08374e+00  2.41075e-02 -4.30491e-01
   1.65018e+00 -5.56948e-03 -9.46857e-01  1.96867e-01  1.46284e-02
   4.10163e-01  8.59049e-01 -1.22124e+00  2.11167e+00  2.63115e+00
   1.06101e-01 -3.12286e-01  4.18431e-02  1.19132e-01 -3.27020e-01
   1.97936e+00  2.46931e-01 -1.34842e-02  1.24730e+00 -1.53938e-01]
 [-2.46820e-01 -5.20705e-01  3.87790e-01 -1.35502e-01  2.17041e-02
   8.14249e-02 -3.76545e-01  2.30208e-01  1.77582e-01 -4.66707e-02
  -3.38432e-01  2.24129e-01  5.87068e-01 -5.81807e-01 -8.82853e-01
   1.93133e-01 -3.01048e-02 -1.50566e-02  9.84326e-03 -1.30949e-02
  -2.00801e-01 -1.92339e-01  3.52981e-02 -1.81554e-01  1.21334e-01]
 [ 3.47669e-02  2.97694e-01 -4.34764e-01 -2.13278e-01 -1.76449e-01
   1.07470e+00 -8.71307e-02 -4.47614e-01  1.93639e-02  9.09588e-02
   3.01998e-02 -8.52757e-02 -9.67513e-01  1.80038e-01  1.21405e+00
  -1.40151e-01 -1.68788e-01 -6.89953e-02 -1.62976e-01  1.31959e-01
   2.48018e-01  1.42952e-01 -4.10129e-02  2.13113e-01  9.55496e-02]
 [ 9.01472e-02 -5.09614e-02  1.65956e-01  1.91514e-01  1.97329e-01
   4.21071e-01  3.20001e-01 -3.97409e-01 -9.79511e-03  1.60831e-02
   2.47869e-01 -1.83440e-01 -9.14253e-01  3.47084e-01  9.96654e-01
   3.73016e-02  2.11262e-01 -1.83217e-01  1.66131e-01  8.42628e-02
   8.90992e-01  2.08473e-01  3.86967e-02  9.93106e-02 -3.81757e-02]
 [-2.56001e-02 -6.27047e-01 -7.97813e-02 -6.03486e-02  1.54645e-01
   2.44483e-01 -6.57915e-02  2.26082e-01  9.07533e-03 -1.94601e-01
  -1.61541e-01 -9.49768e-02 -8.29537e-01  1.71162e-01  1.96914e-01
   5.81560e-02  8.66565e-02 -1.42279e-01 -3.20793e-02  2.51287e-01
  -5.52083e-02 -2.30549e-01 -3.47116e-02 -7.06251e-02  2.15494e-01]
 [-4.66127e-01 -1.31531e+00  1.55471e-01 -1.56310e-01  4.64141e-01
  -5.35611e-01 -3.98465e-01  1.17892e+00 -9.18068e-02 -1.15657e-01
  -2.53428e-01  4.41941e-01  1.27680e+00 -6.86388e-01 -2.30453e+00
   1.80875e-01  2.93452e-01  2.98604e-02  5.03710e-02  2.63533e-01
  -3.71337e-01 -5.06743e-01  6.14152e-02 -3.28894e-01  2.80450e-01]
 [ 2.98974e-01 -1.33236e-01  4.80899e-02 -2.91440e-02  4.06765e-01
  -1.51532e-02  1.08001e-01 -3.83628e-01 -1.92332e-01 -6.51495e-02
  -1.72431e-02  4.82679e-01 -1.02939e+00  2.39060e-01  1.45191e+00
  -3.86367e-03  1.14813e-01 -8.24832e-02 -1.17268e-01 -4.57051e-01
   8.24899e-01  7.57494e-03 -1.34015e-01  3.07260e-02  2.17945e-01]
 [ 1.32300e-02 -3.94744e-01 -6.68934e-02 -3.62404e-02  2.23407e-02
  -5.19578e-03 -1.94590e-01 -2.44790e-01 -1.93921e-01  1.08848e-01
  -1.77702e-01  5.60739e-02 -4.50329e-01  9.88017e-02  2.54796e-01
  -4.01367e-01  7.02182e-03  1.45305e-01 -3.86020e-02 -3.45061e-01
  -2.66194e-01 -1.96889e-01 -5.02083e-04  1.89516e-01  2.05857e-03]
 [ 1.83425e-02  4.89857e-01  1.29801e+00  8.18733e-02 -1.12631e-01
   2.09116e+00 -1.33026e+00  5.16382e+00 -1.75634e-01 -7.65401e-02
  -3.17372e-01  3.66642e-01  5.32833e+00  4.49503e+00  3.87038e-01
  -2.78243e-02 -2.34661e-01  1.08094e-01 -1.81781e-01 -1.72449e-01
  -3.89125e+00  2.77672e-01 -1.52668e-02  7.33001e-01  4.58370e-01]
 [-1.10541e-01 -1.21052e+00  8.73864e-01 -1.58805e-01  4.13302e-01
  -1.93118e+00 -6.52529e-01  1.25436e+00 -1.75962e-01 -2.53431e-01
  -2.27066e-01  3.47118e-01  1.71785e+00 -1.31870e+00 -3.38764e+00
  -1.14240e-01  6.72498e-01 -6.83494e-02  3.10863e-03 -5.55141e-01
  -2.10535e-01 -2.71410e-02 -3.94272e-02 -9.70322e-01  3.55272e-01]
 [ 4.28615e-01  1.03951e-01  5.15662e-01 -1.36836e-02  5.15142e-02
  -1.03959e+00 -2.51288e-01  5.58625e-01 -3.43022e-01 -4.84584e-02
   4.19585e-01 -5.94002e-01  1.06889e+00 -1.06371e+00 -1.45151e+00
  -2.16380e-01  5.00969e-01 -5.79351e-02  7.17118e-02 -1.66887e-01
   3.59398e-02  6.36813e-01 -1.03269e-01  9.86737e-02  4.01259e-02]
 [-6.22791e-01  1.48580e-01  5.34985e+00 -3.26177e-02  1.21341e+00
  -2.80711e-01 -6.03240e-01  5.90232e-01 -1.52669e-01  4.55948e-02
  -1.19862e-01 -4.76897e-01 -8.90378e-01  3.80418e-01 -2.25533e-01
  -2.53085e-01  1.63307e-01 -8.65648e-02 -2.11526e-01 -1.88443e-01
   1.24007e-01 -1.32573e+00 -5.58195e-02 -4.11954e-02 -3.46842e-01]
 [-2.08256e-01 -1.74694e-01  7.91704e-02  9.60499e-02  8.97390e-02
  -1.13814e+00 -7.20861e-01  1.34227e+00  7.31605e-02 -1.01137e-01
  -7.24612e-02  1.44099e-01  1.47363e+00 -8.19434e-01 -2.25615e+00
   1.22301e-01  3.02136e-01 -8.29146e-02 -1.27578e-01 -2.76185e-01
   5.89947e-01 -1.62620e-01 -4.24357e-02 -2.47532e-01  4.32615e-01]
 [ 5.47573e-02 -8.39765e-01  4.10474e-02 -4.11977e-02 -1.90882e-01
  -9.15307e-01 -2.40876e-01  3.33159e-01 -5.26263e-02 -2.52852e-02
  -1.66103e-01 -8.72348e-02  1.17169e+00 -1.21857e+00 -1.64798e+00
   1.00011e-01  2.96375e-01 -1.05565e-01 -1.59852e-01  3.42952e-01
  -6.52583e-01  3.55385e-02 -1.24266e-01 -5.92640e-01  5.40167e-02]
 [-9.09351e-02 -1.43270e+00 -1.19842e-01 -4.65357e-02  3.18696e-01
  -1.55076e-01  3.08424e-01 -7.48908e-01 -1.40812e-01 -1.55797e-01
  -1.42892e-01  2.06945e-01  1.11948e+00  1.02275e-01 -1.58744e+00
   1.89389e-01 -4.35826e-02 -2.11515e-01 -9.45228e-02  2.64451e-01
  -1.92659e-01 -4.30488e-01 -7.76123e-02  2.75898e-01  1.86920e-01]
 [ 6.79289e-02 -1.61836e+00 -2.04440e-01 -6.20439e-02 -5.47836e-02
   1.02629e+00 -1.99757e-02  1.43311e-01  1.71465e-02 -1.17126e-01
  -2.39768e-01  4.66939e-02 -4.81082e-01  2.11225e-01  1.39615e+00
  -3.52381e-01  2.27220e-01 -2.76395e-02  1.94081e-01  1.12061e-03
  -6.42498e-01 -2.24906e-01 -7.06629e-02 -5.62966e-01  3.61482e-01]
 [-2.52223e-01  5.27837e-01 -1.94063e-01  4.73554e-03  2.84571e-01
   1.58797e-01  3.27775e-01 -6.39181e-01 -5.74384e-02 -1.27248e-01
  -3.13872e-02 -5.00409e-01 -3.51659e-01 -8.47142e-02 -7.59478e-01
   1.96002e-01 -6.91635e-02 -8.73777e-02 -1.44934e-01  1.84477e-01
  -5.18734e-02 -3.19187e-01  8.47977e-02  5.18185e-02  2.34366e-01]
 [-1.13350e-01 -5.17998e-03 -4.53936e-01 -2.51316e-01  4.42366e-01
   2.53131e-01  2.86616e+00  1.88902e-01 -4.77665e-02  4.08488e-02
   2.06264e-01 -3.30825e+00  5.95961e-01 -4.12625e-01 -8.64947e-02
   1.72785e+00  1.03604e-01 -1.61225e-01  2.37283e-02  5.94706e-01
   1.60340e-02 -7.84211e-01 -9.07591e-02 -1.21238e-01 -4.03577e-01]
 [-8.92756e-02 -1.77335e+00  8.55746e-01 -8.88887e-02  2.99628e-01
  -2.43381e+00 -6.93884e-01  1.27516e+00 -7.55297e-02 -1.82418e-01
  -1.11656e-01 -1.49000e-01  1.86765e+00 -1.30306e+00 -3.35334e+00
  -3.88572e-01  4.34092e-01 -1.85977e-01 -1.01097e-01 -6.70217e-01
  -2.85653e-01 -1.54840e-01 -2.40185e-02 -2.81650e-01  4.43116e-01]]

b1: 
[[0. 0. 0. 0. 0. 0. 0. 0. 0. 0. 0. 0. 0. 0. 0. 0. 0. 0. 0. 0. 0. 0. 0. 0.
  0.]]

W2: 
[[-1.24768]
 [-3.87117]
 [ 4.73557]
 [ 0.07716]
 [ 1.50957]
 [-4.57536]
 [-2.14164]
 [ 3.72692]
 [-0.27302]
 [-0.11861]
 [-0.92132]
 [ 3.20161]
 [ 4.92525]
 [-5.25801]
 [-6.2313 ]
 [ 1.85671]
 [ 1.2558 ]
 [-0.23933]
 [-0.22913]
 [ 2.51314]
 [-4.92591]
 [-1.96843]
 [ 0.04748]
 [-6.00299]
 [ 0.65874]]

b2: 
[[0.]]

# --- EXPERIMENT COST, ACC. & ERROR HISTORY --- #

cost: 
[0.65118 0.54625 0.52085 ... 0.17364 0.17477 0.17364]

accuracy: 
[ 0.       0.       0.      ... 14.86381  9.88327 14.86381]

error: 
[132.  132.  132.  ...  39.   69.5  39. ]