# --- Reckon Experimental Analytics Report - Genomic Baseline (0) --- #

# --- EXPERIMENT HYPERPARAMETERS --- #
epochs: 50000
alpha: 0.001
lamb: 0.001
train_size: 0.9
threshold: 7000
l1: 25
b: 0.8

# --- LEARNED MODEL PARAMETERS --- #

W1: 
[[-1.07940e-01 -4.41529e-03  3.12407e-02 -3.05036e-01 -4.51604e-01
   1.20704e-01  1.16366e+00 -6.47780e-01 -9.44977e-02  4.73064e-01
  -1.70469e-02  8.73893e-01  1.63480e+00  1.83255e-01 -1.88699e-01
  -1.01782e-01 -4.01039e-01 -2.55572e-02 -9.78869e-02 -3.77374e-01
  -1.53175e+00 -7.02301e-01 -1.30905e-01  1.08254e-03 -3.32692e-01]
 [-2.07956e-01 -2.20819e-01  7.20695e-01  2.18333e-02  4.89432e-01
  -1.33668e+00  7.52781e-01 -1.06912e+00  9.73867e-02  7.67127e-01
   4.76945e-02 -6.72865e-01 -1.22048e+00 -7.96461e-01 -6.61569e-02
  -5.92724e-01 -2.58245e-02 -2.25628e-01 -1.09037e-01 -4.02489e-01
  -7.00258e-01  3.28367e-01  3.60244e-01  4.82358e-01  2.17699e+00]
 [-8.49021e-02 -6.44654e-01 -2.70095e+00 -4.72358e-01 -1.40613e+00
   7.52940e-01  1.02702e-01  2.29925e+00 -1.27147e-01  5.16270e-01
  -2.36551e-02  3.60512e-01  2.63899e-01 -4.87167e-01 -5.18446e-02
  -4.40629e-01 -5.72682e-01 -2.50018e-02 -1.11839e-01 -3.02058e-01
   4.83346e-01 -8.31141e-01 -1.16295e+00  1.11350e-01 -3.55093e+00]
 [ 1.26511e-01  6.41367e-02  2.33557e-01 -3.71796e-01 -1.13322e+00
   7.38129e-01  9.30620e-01 -1.18049e+00  2.03885e-01  6.25860e-01
   4.26644e-02 -1.93065e+00  5.63454e-01 -2.87865e-02 -1.83193e-01
   2.65674e-01  5.85265e-02 -6.89462e-02 -8.44511e-02 -7.18829e-02
  -1.20181e+00  2.91078e-01  1.90848e+00 -1.09184e+00  7.39656e-02]
 [ 2.94844e-01 -6.23179e+00 -2.41939e+00  3.17859e-01 -1.15596e+00
   1.87971e+00 -8.60018e-03  6.41838e-01 -3.01107e-01  1.01035e+00
  -3.71207e-02 -4.43613e+00 -1.99403e-01  3.10339e-01 -3.25361e-04
   7.03170e+00  8.85792e-01 -3.21202e-01  1.17381e-01 -1.25995e-01
   2.22507e-01 -9.38223e-01  1.42508e-01 -2.78501e-01  1.22998e+00]
 [-5.92414e-03 -4.63126e-01  5.32674e-02  8.28525e-01  2.09901e+00
   9.56099e-01  6.62632e-01 -7.39274e-01 -3.51079e-02  1.59976e-02
  -1.70364e-01 -4.50882e-01 -2.40350e+00  2.38046e-02  1.04175e-01
  -2.65831e-01  6.05689e-01  1.96217e-01 -3.11828e-02  2.22854e-01
  -8.13693e-01  1.76725e-01 -1.61736e-01  2.68945e-01  1.05415e+00]
 [ 8.92404e-02  1.97345e-02 -1.96953e-01  1.26841e-01  2.88219e-01
   1.27048e-01  7.08586e-01 -9.21945e-01 -2.20834e-02  1.94858e-02
  -1.03325e-01 -1.10010e+00 -2.77429e-01  5.16668e-01  1.51863e-01
   3.57077e-01 -2.27444e-01 -7.87104e-02  1.42985e-01 -1.82169e-02
  -1.13604e+00 -6.37152e-02 -3.43639e-01  4.59959e-01  8.30619e-01]
 [-1.26877e-02  9.20229e-01  3.56804e-01 -9.23159e-02  7.52289e-01
  -4.11136e-01 -4.03454e-01 -5.63104e-01 -4.43719e-02 -3.67653e-01
   9.18728e-02 -1.05911e+00  3.59236e-01  3.99535e-01 -2.78081e-02
  -7.46641e-01  2.01821e-02  1.15279e-02 -8.86087e-02 -1.30848e-01
  -2.23636e-01  5.22771e-01  1.72567e+00  1.94764e-01  1.13915e+00]
 [-1.11993e-01  8.79760e-01  5.80486e-01  4.31797e-01  6.41246e-01
  -8.65046e-01 -6.71858e-01 -7.22515e-01 -2.89612e-01 -1.21178e+00
  -2.96376e-02 -8.20274e-01 -3.07368e-01  5.51547e-01 -1.02365e-01
   5.11093e-01  5.66975e-01  1.38470e-01  7.90369e-02  1.92335e-01
  -6.02054e-01  5.37423e-01  9.95188e-01  5.47923e-01 -3.64850e-01]
 [-4.72783e-01 -5.71350e+00  5.02027e+00 -5.32665e-01  4.22515e+00
  -7.40751e-01 -5.08729e-01 -6.52933e+00 -5.12759e-02 -9.93928e-01
  -1.12231e-01  1.59387e+00  3.26718e-01 -5.70258e+00 -2.71344e-01
  -1.97494e+00 -2.61556e+00  4.29512e-01  4.25903e-03  5.26357e-02
  -6.97296e-01  1.85752e+00 -9.71902e+00 -2.32691e-02 -2.00918e+00]
 [ 1.28013e-01  1.63016e+00  1.32790e+00  1.68522e-02  8.70572e-01
  -1.09806e+00 -1.67827e-01 -1.01760e+00  1.40414e-01 -5.52577e-01
  -8.27266e-02 -3.22447e-01 -9.01066e-01  4.48428e-01 -5.06765e-02
  -1.80046e-01  8.97119e-01  3.13816e-02  8.82986e-02 -5.07599e-02
  -9.63180e-01  5.35189e-01  8.13667e-01  4.59522e-02  9.58416e-01]
 [ 7.47534e-02  1.32833e+00 -5.87531e-01  7.64610e-01 -1.34260e+00
  -9.28430e-01 -1.32026e+00 -7.09313e-01 -1.72251e-01 -5.12157e-01
   4.06109e-02 -6.73613e-01 -6.03606e-01  4.78731e-01 -9.52121e-02
  -2.14441e-01 -3.78508e-02  3.26514e-01  1.40641e-01  2.15448e-01
  -1.07226e+00  1.28405e-01  3.75850e-01  1.51536e-02  4.82556e-01]
 [-9.18446e-02 -1.74543e-01  1.44687e-01 -2.01046e-02 -1.23082e+00
  -9.93296e-02 -4.47775e-01 -9.80504e-01 -2.24733e-01  8.76359e-01
  -6.53729e-02 -8.11964e-01  1.40897e-01 -5.17727e-01 -1.65244e-02
   1.38955e+00  4.06072e-02 -1.50581e-01  3.31964e-02 -3.18862e-01
  -1.04010e+00  2.54595e-01  2.38759e-01 -6.44709e-01  9.98162e-01]
 [-7.37670e-02  1.89077e+00  1.94528e-02  2.31127e-02  6.75010e-01
  -1.56632e+00  3.72829e-01 -9.55872e-01 -7.57500e-02 -4.49921e-01
  -1.08622e-01 -9.06136e-01 -1.44028e-01  1.88877e+00 -1.72626e-01
  -7.28240e-01  5.36961e-01  2.68587e-02  5.07385e-03  2.18197e-01
  -1.02094e+00  3.49167e-01  2.73242e+00  7.59478e-01  3.21668e-01]
 [-7.81635e-02  1.58618e+00 -1.28222e-01  3.25424e-01 -2.08234e-01
   1.76366e-01  9.81436e-01 -1.45859e+00  3.17695e-02 -8.53388e-01
  -7.58020e-02  3.98115e-01  1.03920e+00  2.33206e-01 -9.97237e-02
  -2.21390e-01  5.57515e-01  3.23433e-02 -4.74143e-02  4.69219e-01
  -1.65270e+00 -1.48387e-01 -7.13657e-01 -7.37100e-01 -7.40255e-01]
 [-2.29108e-01  6.36525e-01  5.29529e-01 -1.33529e-01  1.14680e-02
  -5.87741e-01 -2.88910e-01 -7.31950e-01 -1.45466e-02  1.87928e-01
  -1.90533e-01  6.33176e-02 -2.15154e-01  4.29360e-02 -2.75014e-01
  -6.50379e-02  1.99372e-01  2.09117e-01 -1.98435e-01  2.62908e-02
  -1.13329e+00 -7.16966e-02 -1.58597e-01 -4.10910e-02  3.77227e-01]
 [-3.09252e-01  1.89323e-01  1.56192e-01  3.86805e-02  1.15386e-01
  -1.59109e-01  6.86084e-01 -9.54799e-01  5.37411e-02 -2.78669e-01
  -1.21019e-02  3.38078e-01  1.19543e-01 -2.32143e-01 -1.92524e-01
  -3.75014e-01 -1.45083e-01 -6.79860e-02 -4.59458e-02  1.45400e-01
  -8.29899e-01 -4.70537e-02 -7.51766e-01 -6.73118e-01  1.96821e-01]
 [-9.39127e-02 -1.07086e-01  3.89764e-01  1.18242e-01  8.54311e-01
   4.05420e-01  1.01218e-01 -6.28615e-01  1.39341e-01  3.58666e-01
  -1.75629e-02 -1.41092e+00  1.15232e-01 -4.39929e-01 -1.29174e-02
  -6.14031e-01  6.72534e-02 -1.26225e-01 -1.00596e-01 -2.52087e-01
  -7.33901e-01  5.17483e-02  5.44337e-01 -4.91729e-02  5.65063e-01]
 [-2.34024e-02  7.86446e-01  1.94860e-03 -8.58256e-02  2.17870e-01
  -1.19460e+00 -6.52790e-01 -1.05530e+00  2.53972e-02 -6.67729e-01
  -1.78800e-03  5.14235e-02 -7.32232e-01  5.59311e-01  1.74104e-01
  -5.30636e-01  3.65138e-01  2.90804e-02 -1.53437e-02  1.06090e-01
  -1.12256e+00  2.48374e-01  6.41582e-01  4.88637e-01  6.97003e-01]
 [ 1.03945e-01  1.01052e+00  2.79385e-01  4.22648e-01  4.62050e-01
  -1.23565e+00 -5.14306e-01 -1.27412e+00 -3.80975e-02 -3.62020e-01
  -9.57160e-02 -5.20742e-01 -1.15397e-01  3.07275e-01  2.57761e-02
  -9.73283e-02  4.25664e-01  9.06076e-02 -1.41483e-01 -1.46226e-02
  -1.01930e+00  2.22073e-01  1.23485e+00  4.45634e-02  5.87413e-01]
 [-1.35759e-01  6.49150e-01  2.30069e-01 -1.03883e-01  4.62291e-01
   5.06333e-01  4.23886e-01 -7.58752e-01 -6.18047e-02 -1.16570e-01
  -9.27079e-02 -3.76641e-01 -7.00655e-01  4.22065e-01 -6.21690e-02
  -5.47694e-01  3.40273e-01  2.52964e-01  8.12640e-02  3.94149e-02
  -8.62230e-01  2.24143e-01  5.55495e-01 -1.05176e-01  1.75124e-01]
 [-7.62394e-02  5.11605e-02  2.55867e+00  3.92361e-01  6.69486e-01
   2.19583e+00  3.57114e-01 -3.93792e+00  8.79673e-03 -2.70559e-01
   3.09411e-02 -6.18401e-01 -3.73505e-01  1.02744e+00 -1.69135e-01
   2.55589e-01 -9.44713e-01  6.01443e-02 -4.55259e-02  3.86636e-01
  -5.20046e-01  5.35297e-01  1.86507e+00 -4.17010e-01  5.94900e+00]
 [-1.61019e-01 -5.34544e-01 -7.14303e-02 -1.62017e-01 -6.46203e-01
   1.17534e+00 -6.06342e-02  1.36671e+00  6.86386e-02 -6.71288e-01
  -3.17771e-01  2.80903e-02  9.21777e-02  2.83278e-01 -3.25906e-02
  -2.60664e-01 -4.10532e-01  6.58544e-02 -3.77476e-03 -5.41507e-02
   4.82971e-01 -1.42662e-02 -1.11178e+00  1.62792e-01  7.06714e-01]
 [ 1.62202e-01  1.30904e+00  3.73284e-01  2.07765e-01  7.61594e-01
  -5.51190e-01 -6.22886e-01 -1.41775e+00 -1.71213e-01 -1.95803e-02
   1.53861e-01 -1.07520e+00  3.39053e-01  9.61430e-01  9.80167e-02
   2.47921e-01  1.36465e-01 -5.80268e-02 -5.22882e-02  1.63830e-02
  -1.35451e+00  2.32591e-01  1.39233e+00  9.54350e-02  1.19643e+00]
 [-1.02664e-01  5.08450e-01  6.77015e-01  2.88433e-01  3.63523e-01
  -5.48644e-01 -3.80258e-02 -8.59261e-01 -2.51194e-02 -3.84602e-01
  -1.14102e-01  5.69327e-02  6.10236e-01 -3.45660e-01 -9.08760e-02
  -1.73597e-01  3.61447e-01  3.89735e-02 -3.01592e-01  1.53157e-01
  -9.68234e-01 -1.27780e-02 -2.25384e-01 -5.48199e-01  9.93075e-01]
 [-1.24686e-01  4.80369e-01 -3.02820e-01  9.96227e-03 -6.60794e-01
  -5.89059e-01  4.01204e-01 -1.06028e+00 -5.09461e-02 -1.18983e-02
   1.14702e-01  1.12586e+00  4.99775e-01 -4.08467e-01 -1.05610e-01
  -1.11171e+00  3.38016e-01 -1.76748e-01 -6.25053e-02 -2.34032e-01
  -1.39731e+00 -2.71091e-01 -9.08600e-01 -5.28098e-01 -1.55778e-01]
 [-7.50311e-02 -3.40660e-01 -1.01756e+00 -8.16105e-01 -1.18967e+00
   2.27864e+00  4.03926e-01  3.57258e+00  1.19481e-01 -4.17666e-01
  -1.11057e-01  5.04484e-01  3.00990e-01 -4.56237e-01 -8.31605e-03
  -1.78133e-01 -3.01074e-01 -1.44933e-01 -1.52827e-01 -3.28058e-01
   2.10107e-01 -4.55390e-01 -1.08777e+00 -5.65239e-01 -1.10754e+00]
 [-7.45469e-02  1.97603e-01  2.46665e-01  1.13129e-01 -4.47123e-01
   9.14475e-01  7.17208e-01 -7.13960e-01  8.23696e-02  5.60233e-01
  -2.61192e-02  7.25240e-01  2.30857e-01 -7.77443e-02 -6.63801e-02
  -9.42449e-01  3.40461e-01  7.94299e-02 -1.12059e-01  3.47518e-01
  -2.03285e+00 -3.36073e-01 -1.44454e+00 -5.11927e-01  1.35767e+00]
 [-6.15884e-02 -3.20824e-01 -3.97481e-01 -5.34951e-01 -6.44619e-01
   3.77728e-01  6.04279e-01 -5.61346e-01  1.04875e-01  4.31437e-01
  -6.51337e-02  9.87427e-01  4.27261e-02 -6.66932e-01  1.01632e-01
  -8.14571e-01 -3.38965e-01 -9.69695e-02  3.83538e-02  2.12815e-02
  -8.25825e-01 -4.40124e-01 -1.21178e+00 -3.14011e-01  1.36189e+00]
 [ 1.19021e-01  3.13280e+00 -4.80923e+00 -2.40247e-01  1.36020e-01
   8.12919e-01  2.55293e-01 -8.57305e-01 -2.78932e-02  1.25547e+00
  -4.23211e-02  5.53678e+00  2.40129e-01  3.88512e-01 -1.10586e-01
   1.01301e+00  1.43887e+00  3.23025e-02  6.28928e-02  2.41470e-01
   7.72916e+00  4.89811e-01  4.61199e+00 -6.39769e-02 -1.15555e+00]
 [-5.81050e-01 -1.61486e+00 -6.03593e-01 -4.40592e-01 -2.75611e-01
   5.85063e-01 -5.58770e-01  4.63693e+00 -6.67684e-02  6.12597e-01
  -4.26373e-02  9.46290e-01  4.75398e-02 -4.71146e-01  7.99648e-03
  -5.12539e-01 -4.00207e-01 -9.08893e-02 -2.57007e-01  3.34428e-02
   2.56447e+00 -7.62507e-01 -2.52562e+00  1.54910e-01 -1.23052e+00]
 [-6.60945e-03 -9.25662e-01 -1.81857e-01  2.58218e-01  1.31272e+00
  -6.27642e-01 -5.69941e-01  1.32824e+00  8.89434e-02 -4.12705e-01
  -1.11859e-01  2.96837e-01 -1.03330e+00 -1.05387e+00 -1.53299e-02
   1.96127e-01 -1.02231e+00 -1.62192e-01 -1.36888e-01 -1.51105e-01
   1.17459e+00 -8.28534e-01 -3.65235e-02  8.65391e-01 -2.20345e+00]
 [ 7.58732e-02 -4.70440e-01 -7.35662e-02 -2.93959e+00 -1.32565e+00
  -6.78574e-01  1.46627e-01  1.19464e-01  2.97867e-02 -1.45337e+00
  -7.17339e-02 -6.93462e-01 -4.25929e-01  1.03041e+00 -1.58125e-01
   3.96677e-01  1.12998e+00 -3.35826e-01 -3.43459e-01 -3.87031e-02
   1.90985e-03 -7.79381e-01 -3.27035e-01 -4.98607e-02 -6.10034e+00]
 [-3.33626e-02 -8.57209e-01  5.61964e-02  6.99295e-01 -5.13394e-01
   8.45838e-01 -1.13869e+00  3.10140e+00 -4.12619e-02 -1.48053e+00
  -1.75314e-01  8.66876e-01  1.86781e-01 -3.22437e-01 -4.05681e-02
   3.78074e-01 -7.61407e-01  1.93234e-01  2.29935e-02  2.65613e-01
   2.45461e+00 -5.00641e-01 -1.75126e+00  8.86464e-01  3.75311e-01]
 [-9.85376e-02 -1.22249e+00  5.97772e-01 -5.39120e-01 -1.76875e+00
  -8.18878e-01 -9.42244e-01  2.04189e+00 -6.30729e-02 -5.59745e-01
  -1.35857e-01  1.37377e+00  4.80920e-01 -5.91852e-01 -4.52525e-03
   2.53040e-01 -7.36999e-01 -1.18026e-01 -1.26225e-01 -2.01829e-01
   1.16383e+00 -2.17858e-01 -5.86632e-01  8.04327e-01 -3.08707e+00]
 [-1.42627e-01 -4.82365e-01  6.56718e-01  5.07008e-01 -6.58044e-01
   3.32093e-01 -1.67033e-01  2.55533e+00 -6.81607e-02 -8.82403e-01
  -5.63598e-02  7.32076e-01  5.94368e-01 -3.17147e-01 -8.67098e-02
  -5.43069e-02 -6.49235e-01 -1.12775e-01 -5.41928e-02 -2.82136e-01
   3.15059e-01 -3.08006e-01  1.76482e-02 -1.26538e-01  1.27951e+00]
 [ 3.11930e-02  1.12992e-01  6.43083e-01  9.33083e-01 -1.48980e+00
   1.39230e+00  4.63777e-01 -1.66689e+00 -2.03258e-02  1.23615e-01
  -7.62524e-02  1.50699e-01 -3.82733e-01  2.38905e-01 -2.91947e-02
   1.44659e-01 -1.55337e-01 -1.23754e-01 -1.19526e-01 -1.41119e-01
  -1.44013e+00 -2.94862e-01  4.86087e-02  1.00693e+00  8.13409e-01]
 [ 7.12366e-02  5.03195e-01  4.45318e-01 -4.03684e-01 -1.26712e+00
   1.29877e+00  2.50272e-01 -6.96919e-01  1.82488e-01  8.23889e-01
  -5.11311e-02  1.51033e+00 -1.75514e-01 -2.24494e-01  2.63780e-02
  -4.09191e-01  5.95834e-01 -5.08470e-02  1.34444e-01 -1.18329e-01
  -6.18652e-01 -3.25905e-01 -5.83840e-02  9.95470e-02  2.30107e+00]
 [-1.69104e-01  4.26880e-01 -1.58682e-02  4.57772e-01  9.28242e-01
  -3.99724e+00 -1.22184e+00  1.35695e-01  2.29256e-02  3.35280e+00
   1.41772e-01 -5.15932e-02 -1.14619e+00  1.19988e+00 -1.27501e-01
  -2.66375e-02 -1.10843e+00  7.55697e-02 -2.21687e-01 -2.25081e-01
   1.11345e-02 -3.09586e-01  6.44985e-02  2.73627e-01  5.54209e-02]
 [-2.97658e-01 -2.49478e+00 -1.11213e+00 -6.45121e-01 -1.04281e+00
   1.00785e+00 -1.78792e-01  4.17556e+00 -1.05959e-01 -1.43863e-01
   1.31945e-01  1.71979e+00  1.92317e-01 -1.62898e+00 -2.39197e-01
  -3.51420e-01 -1.30358e+00 -3.44636e-02 -1.75102e-01  8.28824e-03
   2.83717e+00 -8.30203e-01 -2.80436e+00  2.06133e-01 -3.05678e+00]]

b1: 
[[0. 0. 0. 0. 0. 0. 0. 0. 0. 0. 0. 0. 0. 0. 0. 0. 0. 0. 0. 0. 0. 0. 0. 0.
  0.]]

W2: 
[[-0.3184 ]
 [-6.47127]
 [-5.00871]
 [-2.07798]
 [-6.46724]
 [ 6.48254]
 [ 4.05722]
 [ 8.71133]
 [ 0.15234]
 [ 4.32549]
 [ 0.0247 ]
 [ 4.18834]
 [ 3.91935]
 [-3.88315]
 [-0.10285]
 [-5.47903]
 [-2.96737]
 [-0.42648]
 [-0.20794]
 [-0.91037]
 [ 6.85011]
 [-2.05402]
 [-6.13946]
 [-1.16753]
 [-6.0065 ]]

b2: 
[[0.]]

# --- EXPERIMENT COST, ACC. & ERROR HISTORY --- #

cost: 
[0.64185 0.50764 0.49922 ... 0.10479 0.10364 0.10478]

accuracy: 
[ 0.       0.       0.      ... 16.73152 12.91829 16.73152]

error: 
[127. 127. 127. ...  22.  45.  22.]